        50 37 49 35 47 38 51 60 30 37
        50 37 70 21 86 88 15 10 67 25
        60 30 49 35 47 38 51 36 48 37
        50 37 49 35 47 38 51 60 30 37
        50 37 70 21 86 88 15 10 67 25
        60 30 49 35 47 38 51 36 48 37
        50 37 49 35 47 38 51 60 30 37
        50 37 70 21 86 88 15 10 67 25
        60 30 49 35 47 38 51 36 48 37
        50 37 49 35 47 38 51 60 30 37
        50 37 70 21 86 88 15 10 67 25
        60 30 49 35 47 38 51 36 48 37
        50 37 49 35 47 38 51 60 30 37
        50 37 70 21 86 88 15 10 67 25
        60 30 49 35 47 38 51 36 48 37
        50 37 49 35 47 38 51 60 30 37
        50 37 70 21 86 88 15 10 67 25
        60 30 49 35 47 38 51 36 48 37
        50 37 49 35 47 38 51 60 30 37
        50 37 70 21 86 88 15 10 67 25
        60 30 49 35 47 38 51 36 48 37
        50 37 49 35 47 38 51 60 30 37
        50 37 70 21 86 88 15 10 67 25
        60 30 49 35 47 38 51 36 48 37
        50 37 49 35 47 38 51 60 30 37
        50 37 70 21 86 88 15 10 67 25
        60 30 49 35 47 38 51 36 48 37
        50 37 49 35 47 38 51 60 30 37
        50 37 70 21 86 88 15 10 67 25
        60 30 49 35 47 38 51 36 48 37
        50 37 49 35 47 38 51 60 30 37
        50 37 70 21 86 88 15 10 67 25
        60 30 49 35 47 38 51 36 48 37
        50 37 49 35 47 38 51 60 30 37
        50 37 70 21 86 88 15 10 67 25
        60 30 49 35 47 38 51 36 48 37
        50 37 49 35 47 38 51 60 30 37
        50 37 70 21 86 88 15 10 67 25
        60 30 49 35 47 38 51 36 48 37
        50 37 49 35 47 38 51 60 30 37
        50 37 70 21 86 88 15 10 67 25
        60 30 49 35 47 38 51 36 48 37
        50 37 49 35 47 38 51 60 30 37
        50 37 70 21 86 88 15 10 67 25
        60 30 49 35 47 38 51 36 48 37
        50 37 49 35 47 38 51 60 30 37
        50 37 70 21 86 88 15 10 67 25
        60 30 49 35 47 38 51 36 48 37
        50 37 49 35 47 38 51 60 30 37
        50 37 70 21 86 88 15 10 67 25
        60 30 49 35 47 38 51 36 48 37
        50 37 49 35 47 38 51 60 30 37
        50 37 70 21 86 88 15 10 67 25
        60 30 49 35 47 38 51 36 48 37
        50 37 49 35 47 38 51 60 30 37
        50 37 70 21 86 88 15 10 67 25
        60 30 49 35 47 38 51 36 48 37
        50 37 49 35 47 38 51 60 30 37
        50 37 70 21 86 88 15 10 67 25
        60 30 49 35 47 38 51 36 48 37
        50 37 49 35 47 38 51 60 30 37
        50 37 70 21 86 88 15 10 67 25
        60 30 49 35 47 38 51 36 48 37
        50 37 49 35 47 38 51 60 30 37
        50 37 70 21 86 88 15 10 67 25
        60 30 49 35 47 38 51 36 48 37
        50 37 49 35 47 38 51 60 30 37
        50 37 70 21 86 88 15 10 67 25